3.5695 48.07
2.0682 39.50
2.3156 44.91
2.6415 47.75
1.9139 44.93
1.7312 48.00
1.5177 47.82
1.7079 49.00
1.4321 49.98
1.4929 46.75
1.3696 48.86
1.4799 51.00
1.4204 49.57
1.8565 46.00
1.4050 48.98
1.4822 48.75
1.3675 50.57
1.3421 46.00
1.3333 51.02
1.9520 45.50
3.1594 35.61
4.0000 26.75
1.6622 44.70
1.9004 38.75
2.4671 45.05
1.6138 32.50
1.4857 43.23
4.0000 52.25
1.4800 47.95
2.4351 48.25
1.2573 48.27
1.6147 47.25
1.2232 49.27
1.3478 48.25
1.1956 50.18
1.2431 51.50
1.1991 50.11
1.2159 50.50
1.1900 48.93
1.2552 48.00
