0.6526 80.16
0.3607 87.77
0.4028 85.84
0.3290 88.63
0.3739 87.34
0.3564 88.44
0.3562 87.28
0.3151 89.00
0.3746 87.68
0.3738 87.82
0.3595 87.64
0.3303 89.62
0.3928 87.84
0.3679 88.48
0.3429 88.56
0.3434 87.87
0.3617 87.66
0.3117 89.19
0.3747 87.90
0.3575 89.16
0.3641 87.90
0.2939 89.73
0.3447 88.42
0.4856 84.26
0.3447 89.26
0.3232 88.36
0.3669 88.14
0.4144 88.10
0.3575 88.46
0.3231 89.79
0.3135 89.52
0.3272 89.61
0.3464 88.70
0.3748 88.63
0.3489 89.12
0.3132 89.64
0.3110 89.96
0.3330 90.27
0.3073 89.88
0.3958 89.04
0.7003 77.90
0.3844 87.22
0.4028 85.92
0.3640 86.37
0.3774 86.26
0.3394 87.85
0.3740 86.24
0.3788 86.33
0.3679 87.02
0.3163 88.54
0.3991 86.40
0.3913 87.24
0.3943 86.88
0.3116 88.56
0.3450 88.24
0.6886 79.01
0.3593 87.76
0.4098 86.42
0.3353 88.48
0.2863 89.44
0.4266 86.72
0.3481 88.65
0.3919 87.72
0.2885 90.97
0.3610 88.40
0.3072 89.50
0.3602 88.02
0.3259 88.96
0.3697 87.78
0.3710 88.28
0.3759 88.26
0.3153 89.87
0.3391 88.54
0.3280 89.47
0.3630 88.44
0.2849 90.50
0.3360 88.92
0.2986 89.76
0.3167 89.10
0.3829 88.39
0.6145 79.76
0.3862 87.23
0.3994 86.24
0.3329 87.28
0.3618 87.48
0.4165 86.45
0.4133 86.56
0.3180 89.20
0.3580 87.56
0.3642 88.02
0.3447 88.22
0.3064 88.91
0.3371 88.72
0.2983 89.96
0.3419 88.40
0.2851 90.35
0.3442 87.92
0.3027 89.73
0.3254 89.24
0.3268 89.02
0.3590 87.72
0.3147 90.48
0.3409 88.56
0.4975 84.34
0.3243 89.48
0.3220 90.16
0.3162 89.78
0.3722 88.76
0.3313 89.22
0.3104 89.71
0.3013 89.84
0.2820 90.44
0.3456 88.68
0.3458 89.77
0.3166 89.92
0.4233 87.39
0.3241 88.90
0.3464 89.05
0.3343 89.42
0.3440 89.82
0.6466 79.40
0.5245 83.28
0.4633 84.80
0.4218 87.06
0.4201 86.16
0.3943 86.91
0.3827 86.70
0.3103 88.79
0.3677 87.42
0.3647 87.85
0.3875 87.14
0.4809 83.68
0.3512 88.04
0.3570 87.49
0.3561 87.84
0.2852 90.21
0.4129 86.88
0.4190 87.39
0.3351 88.76
0.3314 88.87
0.3511 88.28
0.4060 85.21
0.3767 87.58
0.4907 84.89
0.3579 88.40
0.2799 90.62
0.3428 88.38
0.2633 90.75
0.3389 89.12
0.3799 88.91
0.3299 88.48
0.3019 90.78
0.3346 88.94
0.4760 84.80
0.3226 89.06
0.2910 90.79
0.3244 88.94
0.3589 89.31
0.3378 88.78
0.3191 89.51
0.6225 80.52
0.3493 87.63
0.4234 85.38
0.3686 87.83
0.4095 86.02
0.3636 87.71
0.3713 87.28
0.3188 88.68
0.3838 87.08
0.3286 89.39
0.4010 87.12
0.4401 86.99
0.4101 86.62
0.3527 89.33
0.3664 88.10
0.3596 87.87
0.3730 87.60
0.4064 86.83
0.3507 88.20
0.5685 84.11
0.3753 87.84
0.2890 90.30
0.3602 88.02
0.3595 88.68
0.3964 87.74
0.2965 90.12
0.3547 88.18
0.3410 89.64
0.3525 88.14
0.4718 86.84
0.3502 88.46
0.3301 90.01
0.3267 88.76
0.4641 86.79
0.3699 88.12
0.2778 91.59
0.3648 88.52
0.3510 88.96
0.3469 88.72
0.3685 88.30
0.6083 81.12
0.4055 86.13
0.3812 86.62
0.4201 85.13
0.3623 87.36
0.3045 89.08
0.3896 86.50
0.3710 87.60
0.3660 88.06
0.2946 89.64
0.3647 88.02
0.3430 88.08
0.3498 88.58
0.3764 88.33
0.3308 88.46
0.3792 88.36
0.3436 88.82
0.4309 86.74
0.3395 88.56
0.4465 85.32
0.3176 89.32
0.3857 88.41
0.3324 89.32
0.4825 85.56
0.3524 88.92
0.2955 89.91
0.3050 89.82
0.3529 88.33
0.3082 89.78
0.3184 90.22
0.3528 88.76
0.3041 90.56
0.3146 89.00
0.3123 89.96
0.3044 89.86
0.4191 86.09
0.3267 89.96
0.5446 85.83
0.3039 90.22
0.3906 87.31
0.6299 79.80
0.4246 87.22
0.4324 85.10
0.4039 86.15
0.3820 86.48
0.3545 87.28
0.3608 87.80
0.2754 90.07
0.3714 87.14
0.4663 85.51
0.3823 87.48
0.3238 88.60
0.3441 88.32
0.2925 89.45
0.3499 87.82
0.3277 89.90
0.3610 87.78
0.5211 83.71
0.3689 87.56
0.4751 87.40
0.4089 87.40
0.5580 85.40
0.3798 88.16
0.3715 88.06
0.3303 88.32
0.3209 89.53
0.3186 89.14
0.3518 88.37
0.3267 89.22
0.3270 89.53
0.3560 88.22
0.2934 90.47
0.3349 89.10
0.5492 84.86
0.3560 88.88
0.3997 87.08
0.3407 88.88
0.3843 88.46
0.3491 88.88
0.4763 84.86
0.6166 80.58
0.4861 83.91
0.4249 85.54
0.5391 82.32
0.3985 86.84
0.3831 87.71
0.3663 87.48
0.3685 87.71
0.3690 86.90
0.3645 88.44
0.3732 87.40
0.3985 86.59
0.3428 88.32
0.3500 88.85
0.3490 88.50
0.3059 89.88
0.3856 87.62
0.5283 84.18
0.3560 88.68
0.3967 87.47
0.4098 87.36
0.4248 88.19
0.3290 88.70
0.3456 89.61
0.4260 87.20
0.5184 88.19
0.3979 87.94
0.4132 86.79
0.3827 88.54
0.3396 89.61
0.3461 88.92
0.3235 89.89
0.3316 89.12
0.3079 90.33
0.3468 88.54
0.4788 84.89
0.3262 88.88
0.3260 89.23
0.3250 89.10
0.3399 89.10
0.6121 80.10
0.4644 83.55
0.4265 85.64
0.3613 87.13
0.3753 87.50
0.3352 88.19
0.3506 87.68
0.3538 88.29
0.3412 88.20
0.2998 89.27
0.3665 87.76
0.4407 85.83
0.3886 87.14
0.3716 88.13
0.3929 86.74
0.3666 87.96
0.3847 88.04
0.3163 90.33
0.3481 88.42
0.3937 87.46
0.3550 88.06
0.3360 89.10
0.3651 88.00
0.3295 90.81
0.3352 88.78
0.3682 87.14
0.3658 87.86
0.3534 88.71
0.3161 89.14
0.2808 90.33
0.3321 89.40
0.3323 90.47
0.3231 89.34
0.2740 90.41
0.3370 89.04
0.5033 85.82
0.3316 88.98
0.3227 89.87
0.3203 88.96
0.3361 88.99
0.6013 80.56
0.6347 80.39
0.4340 85.54
0.4474 84.68
0.4183 86.20
0.3503 88.81
0.3610 87.26
0.3587 87.48
0.3828 86.94
0.3801 87.51
0.3647 87.82
0.3825 87.79
0.3419 88.38
0.3297 89.46
0.3545 88.24
0.3127 89.27
0.3911 87.74
0.5230 84.40
0.3647 88.54
0.3227 89.89
0.3436 88.60
0.3405 88.64
0.3335 88.76
0.3474 88.53
0.3238 89.26
0.4214 88.12
0.3531 88.34
0.3866 88.63
0.3067 89.68
0.2996 90.61
0.3282 89.08
0.4049 87.84
0.3249 89.50
0.4192 87.25
0.3680 88.40
0.3393 89.32
0.3609 88.84
0.3623 89.98
0.3437 89.38
0.3347 90.06
