2.9462 58.09
58.0020 65.04
0.7267 61.62
2.5663 71.93
0.9124 72.57
116.7166 71.93
0.5623 72.37
1.4142 71.93
0.5812 73.15
1.1341 71.93
0.6335 73.35
0.5632 71.93
0.5437 73.15
0.6076 71.93
0.5111 73.35
1.1474 71.93
0.5195 72.96
1.0000 71.93
0.4836 73.35
1.0180 71.93
0.5675 72.96
0.5126 71.93
0.5558 71.42
0.5901 69.14
0.5278 72.46
4.8654 71.43
0.4843 73.91
4.5292 71.93
0.4823 73.35
2.8209 71.93
0.4685 76.12
0.8670 74.32
0.4725 77.93
0.5529 76.61
0.4893 76.20
0.5331 75.21
0.4569 76.96
0.5090 75.71
0.4543 80.80
0.4646 79.79
2.6933 61.05
2.7375 51.68
0.9490 58.51
51.4496 71.93
0.6515 73.35
0.5528 71.93
0.7056 73.54
99.5426 71.93
0.6188 72.76
60.8067 71.93
0.5730 72.76
5.9707 71.93
0.5537 73.15
9.7607 71.93
0.5533 72.96
0.5555 71.93
0.5346 73.54
0.7862 71.93
0.5439 72.96
0.5495 71.93
0.6147 73.35
0.5332 71.93
0.5113 73.01
0.5095 71.93
0.5041 73.15
0.5418 71.93
0.4968 74.46
0.5662 71.43
0.5327 72.96
1.4503 71.43
0.5180 73.15
1.0077 73.82
0.4953 72.93
0.5822 72.54
0.4874 75.18
0.5093 74.71
0.4930 75.48
0.4923 78.89
0.4770 77.35
0.4896 79.89
3.5718 62.26
0.7719 32.25
0.7608 62.38
16.4971 71.93
0.6964 72.57
9.4346 71.93
0.5621 71.99
24.4451 71.43
0.5559 73.15
2.6686 71.93
0.5215 72.96
0.9229 71.93
0.5500 73.54
0.9480 71.93
0.4797 74.04
0.7812 70.93
0.4905 76.23
0.6627 77.00
0.4754 78.80
0.5812 77.89
0.4722 76.46
0.7470 74.32
0.4450 78.57
0.4758 77.89
0.4147 80.88
0.5519 77.50
0.4101 81.49
0.4838 78.39
0.4172 79.21
0.5074 74.21
0.3960 83.30
0.5261 78.00
0.4251 79.79
0.7723 80.29
0.4394 81.22
0.4726 78.50
0.3716 84.07
0.6810 83.46
0.3827 83.49
0.6165 78.29
3.7267 65.20
3.4809 28.07
1.4609 49.84
28.3067 71.93
0.6038 62.12
21.7500 71.93
0.6240 74.13
4.7304 71.93
0.5764 73.35
3.8599 71.93
0.5344 73.74
2.6608 71.93
0.5256 73.54
0.9061 71.04
0.5098 74.18
0.8593 73.82
0.4972 73.93
0.9402 74.32
0.5014 75.35
0.5950 77.68
0.4762 76.01
0.5063 74.71
0.4527 78.32
0.4837 79.68
0.4616 79.71
0.5681 76.50
0.4254 80.24
0.4865 74.39
0.4094 80.74
0.4903 79.29
0.4170 80.93
0.5082 83.86
0.3773 83.46
0.6516 78.07
0.4052 82.69
0.5149 81.96
0.3902 82.91
0.5227 82.68
0.3622 84.07
0.5728 82.46
3.0160 64.42
35.7262 71.93
1.0306 49.09
37.8367 71.93
0.5798 73.15
0.6491 71.93
0.5785 72.99
0.7384 71.93
0.6221 72.57
1.0226 64.96
0.6173 71.68
0.5566 71.93
0.5497 72.76
0.5764 71.93
0.5543 72.57
0.5672 71.93
0.5306 73.35
0.9046 71.93
0.5623 72.37
0.6659 71.93
0.5440 73.15
0.5453 71.93
0.5179 73.54
0.6557 71.93
0.5011 73.93
0.5909 71.93
0.4923 73.35
0.5263 71.93
0.4693 73.91
0.6595 73.32
0.4623 75.65
0.4987 76.61
0.4625 76.76
0.4816 78.00
0.4547 79.63
0.4962 76.21
0.4230 79.33
0.5094 79.50
0.4299 81.38
0.4779 79.46
3.2696 65.09
5.2939 69.04
0.8825 61.23
56.1222 71.93
0.7159 73.54
11.4147 71.93
0.5503 74.13
2.0378 71.93
0.5851 72.96
7.2758 71.93
0.5419 73.54
3.6344 71.93
0.5304 73.15
1.9187 71.93
0.5381 72.96
0.9940 71.93
0.5225 72.96
0.9064 71.93
0.5359 72.96
3.9598 71.93
0.5014 72.76
0.5729 71.93
0.4727 73.15
0.5726 70.04
0.4994 75.40
0.4863 76.71
0.4633 79.72
0.4838 77.11
0.4618 77.32
0.5196 76.21
0.4639 78.57
0.4574 79.29
0.4347 79.68
0.4589 80.18
0.4613 78.29
0.4367 79.39
0.4452 79.57
0.4892 78.00
0.3982 82.33
0.5577 77.11
2.5530 57.01
10.5897 60.96
0.7850 71.65
18.5161 71.93
1.1029 72.76
13.7367 72.82
0.6040 73.20
152.5659 71.93
0.5406 73.54
33.3717 70.93
0.5912 72.01
0.6561 71.93
0.5172 73.96
0.5858 69.61
0.4991 78.27
0.5653 72.00
0.5123 76.15
0.5095 74.71
0.4849 78.38
0.5006 75.61
0.4962 77.26
0.4909 74.71
0.4544 78.99
0.4876 75.61
0.4556 78.24
0.4770 78.29
0.4457 80.68
0.4523 77.39
0.4627 78.26
0.5019 73.32
0.3995 82.99
0.4199 80.46
0.4245 82.68
0.4969 74.21
0.4132 82.83
0.4405 76.50
0.3921 82.54
0.4075 82.07
0.4034 82.10
0.4104 81.96
3.7070 56.10
5.0571 28.07
0.8159 60.54
11.4059 71.93
0.6464 73.93
46.2080 71.93
0.7216 72.76
2.3708 71.93
0.5870 73.54
1.9921 71.93
0.6986 73.54
4.2483 71.93
0.5507 72.96
2.5316 71.93
0.5187 73.54
0.8930 71.93
0.5044 73.93
0.6139 71.93
0.5139 72.76
0.5525 71.93
0.4898 73.15
0.5519 71.93
0.5190 71.81
0.5900 69.14
0.4891 70.62
0.5472 73.32
0.4625 75.27
0.5182 71.93
0.4596 74.46
0.5177 71.93
0.4761 75.99
0.5029 78.00
0.4461 78.80
0.5050 73.43
0.4321 78.85
0.4899 80.68
0.4413 80.68
0.4773 74.39
0.4228 80.24
0.4608 80.57
2.7624 68.62
121.2605 71.93
0.6050 63.18
4.0722 71.93
0.5335 73.74
3.0998 71.93
0.6785 72.76
0.5637 71.93
0.5348 73.74
14.7948 71.93
0.5503 72.96
0.5279 71.93
0.5273 74.13
0.5279 71.93
0.5301 72.96
0.5275 71.93
0.5228 73.35
0.5402 71.93
0.5041 73.74
0.5611 71.93
0.5406 72.76
0.7034 71.93
0.5079 72.76
1.3005 71.93
0.4952 73.26
1.0009 72.32
0.4895 74.18
0.5549 73.32
0.4752 78.72
0.4969 73.82
0.4910 77.07
0.4869 74.71
0.4829 77.76
0.4992 74.82
0.4468 79.35
0.4998 74.82
0.4412 79.15
0.4534 79.89
0.4359 80.77
0.4397 78.89
2.8470 60.11
6.7060 54.18
0.6957 58.09
2.3436 71.93
0.6243 73.15
29.4015 71.93
0.5555 73.54
1.0217 71.93
0.7022 73.15
0.7958 71.93
0.6257 73.54
0.7499 71.93
0.5336 73.35
136.3711 71.93
0.9494 73.35
12.4202 71.93
0.5494 72.37
4.0141 71.93
0.6047 72.76
1.6270 71.93
0.5349 72.76
1.0707 71.93
0.5216 73.15
0.7060 71.93
0.5264 72.37
0.5420 71.93
0.5236 72.96
0.5297 71.93
0.5028 73.54
0.5244 71.93
0.4944 73.35
0.5060 72.32
0.4847 74.79
0.4994 75.82
0.4785 77.38
0.4887 75.32
0.4768 77.32
0.4969 74.93
0.4928 77.85
0.4707 76.21
