0.6358 79.54
0.4431 85.24
0.4199 85.06
0.4416 85.11
0.3790 86.74
0.3677 86.91
0.3857 86.06
0.3291 88.33
0.3958 86.10
0.3541 88.99
0.3669 87.26
0.3746 87.76
0.3526 88.10
0.3705 88.73
0.3740 87.64
0.3182 89.61
0.3453 87.90
0.2936 90.58
0.3484 88.10
0.4508 86.76
0.3075 89.00
0.2755 91.17
0.3427 88.62
0.3908 88.21
0.3805 87.46
0.3752 88.44
0.3538 88.36
0.3734 89.10
0.3478 88.36
0.3488 88.47
0.3561 88.18
0.3316 90.17
0.3383 89.08
0.4349 86.02
0.3772 88.12
0.2888 91.01
0.3198 89.24
0.2928 91.26
0.3236 89.08
0.3539 88.41
1.9965 53.52
2.2474 48.14
0.7159 73.76
0.9229 65.58
0.6185 78.26
0.5775 79.81
0.5555 79.78
0.5539 81.38
0.4644 82.70
0.5412 81.88
0.4453 83.70
0.4744 83.07
0.4228 84.52
0.4682 85.07
0.4254 84.84
1.0986 63.21
0.3737 86.02
1.8332 64.55
0.3839 86.22
1.1562 71.03
0.3164 87.84
0.4469 85.83
0.3093 88.44
0.4504 84.21
0.2959 88.86
0.4878 84.04
0.2755 89.78
0.6925 79.77
0.2632 90.60
0.5036 83.33
0.2511 90.48
0.3636 88.30
0.2877 89.18
0.4831 83.88
0.2477 91.16
0.9166 77.76
0.2382 90.98
0.4972 84.05
0.2378 91.44
0.3153 89.10
