1.8208 59.08
1.3775 45.61
1.1583 67.27
0.7183 73.32
0.7017 65.68
0.7305 72.82
0.6609 72.09
0.5358 70.64
0.5781 71.37
0.5578 72.71
0.5464 73.88
0.5201 78.79
0.5274 74.49
0.4902 76.21
0.5073 76.62
0.4931 74.32
0.5300 75.73
0.4966 78.79
0.4909 77.80
0.5335 75.82
3.5187 64.23
3.9813 71.93
0.7219 50.47
3.9648 67.25
0.5586 72.96
3.7316 71.93
0.5687 74.13
3.3322 71.93
0.5582 73.74
0.5205 71.93
0.5401 73.15
0.5312 71.93
0.5372 72.96
0.5717 71.93
0.5288 72.37
0.7038 71.93
0.5196 72.96
0.7133 71.93
0.5000 72.57
0.5269 71.93
