1.9460 34.19
3.4207 0.00
1.3682 39.16
2.8893 0.00
1.3556 39.16
1.9544 0.00
1.3598 39.02
2.2987 14.68
1.3597 39.16
1.3088 0.00
1.3488 38.92
1.7910 0.00
1.3492 39.42
1.7029 0.00
1.3425 39.56
1.7365 0.00
1.3436 39.56
1.7607 0.00
1.3423 39.49
1.7127 0.08
1.3436 39.46
1.6756 0.00
1.3412 39.48
1.6818 0.08
1.3434 39.51
1.7573 0.00
1.3465 39.50
1.9042 0.00
1.3429 39.52
1.6131 0.00
1.3410 39.51
1.5847 0.06
1.3388 39.57
1.5854 0.06
1.3406 39.55
1.7069 0.00
1.3397 39.53
1.6040 0.06
1.3383 39.56
1.6338 0.06
