1.7066 52.12
1.2570 61.56
0.8221 67.58
0.8579 71.84
0.5682 79.48
1.3277 59.77
0.5087 81.78
0.6284 79.81
0.4419 83.72
0.6089 80.11
0.4474 83.62
0.8485 74.51
0.4376 83.80
0.9903 73.25
0.4277 84.20
0.5537 81.90
0.3734 85.82
0.5955 79.71
0.3654 85.76
0.4620 84.38
0.3381 87.28
0.3535 88.01
0.3312 87.32
0.5004 84.80
0.3195 88.12
0.6967 79.21
0.3136 87.92
0.8331 73.51
0.2949 88.92
0.8418 74.39
0.2866 89.28
0.6372 81.63
0.2836 89.12
0.4339 86.53
0.2404 90.90
1.3546 73.49
0.2376 90.80
0.6770 80.31
0.2401 90.96
0.8838 79.46
2.1947 44.20
1.3864 60.21
0.6952 74.16
1.3655 55.47
0.5622 79.16
0.6980 73.58
0.5753 79.56
1.0781 65.65
0.5254 80.88
1.4675 64.94
0.4485 83.84
0.6659 78.71
0.3983 85.20
0.4380 83.13
0.4079 84.26
0.4449 82.76
0.3778 84.94
0.4113 85.31
0.3862 85.58
0.4076 84.61
0.3620 86.38
0.4097 84.51
0.3213 87.96
0.6001 79.75
0.3385 87.12
0.4020 84.73
0.3248 87.78
0.6859 79.33
0.3155 88.18
0.3367 88.85
0.2948 89.22
0.4442 83.50
0.2860 89.62
0.5661 85.26
0.4025 86.88
0.4266 86.11
0.3531 87.34
0.2799 90.60
0.3120 88.72
0.3051 88.81
2.2166 39.34
1.5619 41.05
0.8725 69.80
7.5934 39.01
0.6725 76.70
4.4247 28.48
0.6203 78.20
0.6717 74.29
0.5080 82.28
0.9224 72.09
0.9132 77.08
1.7935 49.86
0.7306 77.30
0.9433 68.23
1.1718 72.10
0.8857 71.71
0.5909 80.08
0.5042 82.34
0.4612 82.84
0.4984 82.48
0.4380 83.54
0.4280 83.56
0.4836 84.46
2.0042 61.83
0.4694 83.54
0.4684 82.89
0.3854 86.02
0.4085 84.94
0.3974 85.86
0.4556 82.93
0.3405 87.28
0.4451 84.16
0.3305 88.02
1.0960 71.23
0.3257 88.10
1.2356 67.80
0.3447 87.70
0.6314 80.00
0.3095 88.58
0.4526 85.08
1.4450 60.44
2.6734 27.94
0.6442 76.70
1.7903 58.77
0.5456 79.56
0.5616 82.64
0.5317 80.66
0.4889 83.13
0.4733 82.86
0.4681 83.93
0.4385 84.48
0.4972 83.07
0.4326 84.30
0.4152 85.36
0.4029 84.94
0.4143 84.91
0.3662 86.50
0.5955 78.77
0.3539 86.90
0.3616 86.82
0.3222 88.16
0.3310 87.96
0.3378 88.04
0.5241 82.85
0.2944 89.82
0.4658 83.41
0.2893 89.84
0.4925 82.21
0.2843 89.96
0.9031 73.83
0.2568 91.00
0.4052 86.95
0.2990 89.66
0.8877 74.53
0.2489 91.18
0.7240 77.01
0.2227 92.44
0.2855 90.14
0.2237 92.18
0.2966 90.26
1.7898 56.10
14.3337 40.15
0.6802 75.20
0.7052 78.44
0.5147 80.86
0.5444 82.30
0.4730 82.54
0.5773 80.00
0.4869 82.10
0.6799 77.43
0.4171 84.76
0.4771 84.61
0.3898 85.24
0.5049 84.18
0.3567 86.44
0.5063 84.94
0.3754 86.26
0.3939 86.49
0.3565 86.82
0.4044 85.82
0.3194 88.00
0.6467 82.77
0.3131 89.04
0.8721 75.93
0.2811 89.70
0.7663 78.48
0.2565 91.04
0.3957 87.76
0.2777 90.36
0.6980 78.56
0.2651 90.46
0.5837 81.28
0.2623 90.64
0.6782 81.53
0.2374 92.02
0.3521 88.75
0.2483 91.16
0.3805 86.69
0.2398 91.14
0.4217 85.88
1.9704 49.88
1.5030 51.40
0.8179 71.02
1.3246 61.98
0.6384 77.42
0.7998 74.40
0.5410 79.90
1.4445 65.96
0.4862 82.22
0.6896 75.14
0.4474 82.84
0.5894 78.03
0.4386 83.40
0.3981 85.36
0.4082 84.72
0.4272 83.64
0.3667 86.28
0.5478 81.62
0.3671 85.78
0.6278 76.92
0.3533 87.38
0.4083 84.42
0.3898 85.88
0.5270 80.77
0.3440 87.20
0.4547 85.99
0.2980 88.58
0.8932 78.16
0.2966 88.92
0.5835 81.01
0.2833 89.54
0.7882 75.45
0.2846 89.36
3.3587 54.50
0.3323 88.10
0.7358 80.26
0.2721 90.14
0.3474 87.93
0.2409 91.00
0.3066 90.41
1.5984 58.08
3.4549 47.13
0.6826 76.94
1.7361 46.53
0.6230 80.26
0.8376 70.95
0.6688 78.12
1.1579 68.16
0.5028 82.44
1.1652 77.19
0.4391 83.62
0.4203 84.69
0.4042 85.42
1.1991 67.87
0.3883 85.76
1.5610 61.89
0.3859 86.04
0.8357 75.30
0.3508 86.76
0.3596 86.80
0.3357 87.38
0.4128 84.51
0.3190 88.02
0.7296 75.01
0.3116 88.48
0.3538 88.24
0.3305 87.44
0.3636 87.51
0.3176 88.34
0.4338 85.20
0.3093 88.28
0.3712 87.34
0.2802 89.42
0.3532 87.57
0.2610 89.88
0.3587 88.33
0.2361 91.06
0.4954 83.97
0.2579 90.60
0.2745 90.33
1.6128 58.28
15.8999 16.44
0.6642 76.14
1.4957 55.30
0.5723 79.50
0.6931 75.42
0.5255 79.94
0.5422 81.78
0.4955 81.50
0.7141 75.53
0.5092 81.70
0.6751 79.48
0.4628 83.16
0.7612 75.76
0.4073 84.36
0.4968 85.01
0.4426 83.92
0.8610 77.90
0.4278 83.56
0.6615 76.41
0.3501 87.04
0.5625 82.23
0.3298 87.36
0.5291 82.08
0.3373 87.74
0.3856 86.93
0.3213 87.74
0.9079 73.78
0.2871 89.24
0.3821 87.29
0.2971 88.98
0.4372 86.96
0.2917 89.64
0.3760 89.29
0.2753 89.82
0.4979 84.73
0.2674 89.98
0.3680 88.02
0.2373 91.80
0.2948 89.74
1.9876 46.44
1.5629 50.58
0.8108 68.46
1.7095 50.04
0.6804 72.86
1.1272 59.03
0.5650 78.72
1.1568 64.16
0.5115 81.38
0.9358 72.75
0.4390 84.10
0.3921 87.02
0.4283 84.76
1.3315 70.46
0.4115 85.00
0.4372 86.42
0.3609 87.42
1.8880 67.18
0.3475 87.54
0.6103 79.61
0.3379 88.14
0.4416 85.92
0.3082 89.02
1.2005 65.96
0.3118 89.10
0.4240 89.23
0.2900 89.52
0.4630 86.76
0.2731 90.42
0.7048 81.78
0.3562 87.62
1.2182 72.76
0.2816 90.04
0.4723 88.81
0.2616 90.80
0.4854 91.08
0.2455 91.12
0.4071 91.11
0.2392 91.42
0.3733 91.38
1.7699 52.06
2.8862 58.47
0.7915 70.18
2.3293 47.83
0.6548 76.60
1.5349 57.98
0.5723 79.02
0.8463 69.77
0.4786 82.34
1.3631 70.61
0.4427 83.82
0.5584 83.31
0.4223 83.92
0.6212 80.70
0.4322 83.52
0.9457 71.21
0.3680 86.42
0.5267 85.51
0.3532 86.56
0.5266 84.40
0.3202 88.06
0.5106 86.23
0.3082 88.10
0.4493 88.19
0.3151 87.78
0.6433 80.80
0.2960 88.88
0.4222 89.13
0.2764 89.82
0.4125 87.96
0.2601 90.66
0.4408 87.76
0.2546 90.46
0.3975 88.71
0.2516 90.74
0.3637 89.14
0.2184 91.96
0.3053 91.19
0.2240 92.00
0.5191 85.12
