1.7256 55.83
0.8092 70.21
0.9949 73.88
0.8315 51.79
0.8169 65.27
0.8997 71.93
0.7346 65.70
0.7341 74.43
0.7329 67.61
0.5333 75.11
0.5737 75.01
0.5789 69.32
0.5380 73.54
0.5073 75.61
0.5280 75.51
0.5325 75.32
0.5259 77.01
0.5187 76.11
0.5309 75.09
0.4984 73.43
0.5095 75.51
0.4865 76.61
0.4956 77.88
0.6319 73.54
0.5340 75.74
0.5998 73.43
0.5608 74.01
0.5840 75.32
0.5494 71.90
0.5883 75.32
0.6294 71.07
0.5009 74.32
0.5731 73.62
0.5020 78.39
0.5290 75.38
0.4899 80.79
0.5121 74.07
0.5173 72.54
0.5262 76.07
0.5248 76.00
2.0685 54.41
1.7481 46.11
1.1745 67.65
1.4387 71.93
0.9383 61.09
0.6281 74.82
0.7399 74.46
0.6924 70.04
0.7018 69.26
0.6244 74.43
0.6193 70.41
0.6621 72.93
0.5930 71.45
0.5377 75.71
0.5429 74.74
0.5397 70.93
0.5424 73.21
0.5496 73.11
0.5204 75.71
0.4923 75.32
0.4898 78.83
0.5725 74.43
0.5347 76.59
0.4826 76.21
0.5183 76.21
0.4926 74.32
0.5458 74.51
0.5563 73.00
0.5165 74.96
0.4978 79.29
0.5213 76.59
0.5098 76.11
0.5388 75.51
0.5633 76.21
0.5980 70.68
0.5560 75.32
0.5932 73.93
0.4785 79.29
0.5429 73.04
0.4992 76.61
1.5562 61.84
0.8964 66.14
0.8796 68.78
1.2248 38.64
0.9347 62.73
0.6270 67.14
0.7279 66.09
0.6418 73.82
0.5838 69.80
0.7169 71.93
0.5986 71.09
0.5540 75.82
0.6762 73.46
0.5332 74.61
0.6098 73.34
0.5980 65.64
0.5582 72.96
0.4875 78.39
0.5334 75.16
0.5099 76.50
0.4981 78.43
0.5051 76.21
0.5203 76.54
0.4954 75.71
0.5008 77.21
0.5052 76.61
0.5114 76.54
0.4871 75.32
0.5108 76.54
0.5540 76.21
0.5297 76.80
0.5201 76.21
0.5251 73.54
0.5417 69.93
0.5034 75.77
0.5010 76.11
0.5439 76.21
0.4752 77.61
0.5853 72.15
0.4735 78.11
1.3109 61.48
0.9165 72.43
1.0306 67.22
0.7464 58.86
0.6981 73.12
0.6018 69.43
0.5565 73.68
0.5195 77.89
0.5198 77.57
0.4994 73.71
0.5375 75.62
0.4945 76.61
0.5306 75.41
0.5044 76.61
0.5422 72.56
0.5634 69.43
0.5949 73.93
0.5566 69.93
0.5471 74.41
0.5701 73.21
0.5350 75.13
0.4876 78.89
0.5105 77.54
0.5544 75.32
0.5276 76.63
0.5044 75.82
0.5062 76.57
0.4852 75.71
0.4992 77.60
0.6584 72.93
0.5869 71.96
0.5545 74.82
0.5020 77.26
0.4832 75.61
0.4943 77.35
0.4786 75.21
0.4946 76.57
0.5379 76.21
0.5423 75.15
0.5497 75.32
1.5932 58.69
0.7697 67.75
0.9044 70.76
0.8362 55.07
0.8310 65.85
0.7558 72.43
0.6619 69.27
0.7883 71.93
0.6697 68.28
0.5238 81.07
0.6049 74.04
0.5592 72.82
0.5247 76.49
0.5083 75.32
0.5461 74.21
0.6390 72.93
0.5303 75.41
0.5477 76.21
0.5224 74.96
0.5080 75.32
0.5721 72.59
0.5298 75.82
0.5329 74.90
0.5423 76.21
0.5225 74.87
0.4997 76.71
0.5213 77.13
0.5636 76.71
0.5239 75.52
0.5579 75.32
0.5210 76.76
0.4881 75.71
0.4924 79.43
0.4879 75.21
0.5334 74.59
0.4814 76.71
0.5254 73.98
0.4963 80.96
0.5354 74.20
0.4911 76.61
1.8014 56.80
1.1495 56.18
1.0869 69.40
0.5900 79.29
0.7734 64.40
0.7687 73.32
0.6574 70.23
0.5887 73.54
0.6141 72.72
0.5200 77.50
0.5854 72.70
0.5317 74.00
0.5363 74.07
0.5335 76.11
0.5173 77.07
0.4908 74.82
0.5226 75.79
0.5079 74.82
0.5616 72.90
0.5464 75.82
0.5670 74.12
0.4926 76.71
0.5629 74.40
0.4945 72.43
0.5471 76.15
0.4997 76.11
0.5189 75.43
0.5116 80.29
0.5108 75.65
0.6106 67.04
0.5587 73.18
0.5342 74.11
0.5272 76.35
0.5307 74.21
0.5368 76.51
0.4846 82.57
0.5537 74.21
0.4793 75.71
0.4830 80.38
0.4742 75.71
1.7881 57.55
0.9947 54.68
1.0135 68.51
0.6332 66.43
0.7834 64.73
0.8955 72.93
0.7196 68.32
0.6178 72.54
0.5992 71.09
0.5086 72.93
0.5440 74.62
0.5719 70.43
0.5731 73.71
0.5477 73.43
0.5488 73.82
0.6509 74.82
0.5603 74.54
0.5401 76.61
0.5457 73.09
0.4898 75.32
0.4970 79.46
0.5152 78.00
0.4915 77.74
0.4978 73.54
0.5314 74.21
0.4889 76.21
0.4970 78.43
0.4953 75.61
0.5241 74.09
0.5066 78.79
0.5245 75.35
0.5702 69.93
0.5421 72.79
0.4799 77.61
0.5819 72.14
0.4945 73.04
0.5908 70.86
0.5779 68.43
0.6355 72.34
0.5699 72.21
1.8682 56.21
1.2463 56.07
1.2313 69.35
0.6341 73.82
0.7843 60.59
0.9887 71.93
0.7453 66.92
0.5385 75.21
0.6262 75.38
0.7151 60.25
0.6500 67.32
0.7446 74.32
0.5942 73.85
0.6593 72.43
0.6343 71.31
0.7702 52.68
0.6569 69.24
0.5913 71.43
0.5735 71.93
0.5338 71.43
0.5746 73.59
0.5299 74.11
0.5718 74.66
0.5074 72.82
0.5350 73.85
0.4903 76.61
0.5299 76.38
0.5034 76.11
0.5035 76.35
0.5205 74.82
0.5113 75.18
0.5018 77.61
0.5031 76.82
0.4847 78.50
0.5034 76.99
0.4767 78.50
0.4984 77.32
0.5098 77.61
0.4891 79.12
0.5266 75.82
1.7579 55.57
0.8729 63.36
1.1404 69.09
0.6290 66.82
1.0142 58.64
1.1333 71.93
0.7881 68.54
0.5497 74.21
0.6504 73.90
0.6457 66.04
0.6587 68.96
0.6328 74.93
0.6471 68.49
0.7218 73.43
0.6277 67.72
0.4845 76.50
0.6269 70.54
0.5092 76.50
0.5340 74.90
0.5547 68.43
0.5872 71.79
0.5138 77.00
0.6082 71.73
0.5011 72.93
0.5196 74.30
0.5099 76.61
0.4833 78.41
0.5320 76.71
0.5334 74.46
0.4958 74.82
0.5427 75.36
0.4784 76.32
0.5109 78.24
0.5153 77.11
0.5565 74.23
0.4817 79.89
0.5298 75.29
0.6537 63.14
0.6060 69.26
0.5549 72.50
1.7613 59.86
1.5060 49.39
1.2782 67.57
0.7596 73.71
0.8691 63.09
0.8497 72.54
0.7768 67.67
0.5846 71.04
0.5867 74.35
0.6651 62.04
0.6056 72.01
0.5373 75.89
0.5528 74.66
0.6144 76.21
0.5873 71.43
0.5772 73.43
0.5658 72.29
0.6052 74.82
0.5604 73.85
0.4993 74.61
0.5237 75.79
0.5027 74.32
0.4945 76.71
0.5009 76.61
0.5212 75.99
0.5283 75.32
0.5447 73.98
0.4886 81.18
0.5477 75.12
0.5010 77.79
0.5320 76.82
0.4875 72.93
0.5447 75.18
0.5143 75.71
0.5308 75.30
0.5096 79.57
0.5033 75.35
0.5068 77.00
0.5351 75.87
0.5263 71.71
