3.6643 28.98
161.0258 42.50
1.7700 43.82
16.0551 43.50
1.3795 45.07
5.2787 43.50
1.3308 45.77
2.0550 48.00
1.2456 48.66
8.8853 46.50
1.2470 48.68
10.3470 49.25
1.3617 49.27
1.3846 46.25
1.3762 48.11
1.6310 51.25
1.2579 49.61
1.9758 46.75
1.2916 47.95
1.3018 48.50
1.2152 50.75
1.2019 51.25
1.1844 50.18
1.2541 49.50
1.1950 48.86
1.2036 51.75
1.1971 50.66
1.2033 49.00
1.1868 49.55
1.2715 50.50
1.1740 49.20
1.1950 48.25
1.1692 50.55
1.2122 50.25
1.1650 51.32
1.2042 49.75
1.1755 50.75
3.7212 49.75
1.1802 50.07
1.9529 48.50
3.3213 35.64
1451.9678 43.50
2.1912 39.95
3.6216 24.25
1.4441 43.39
65.1310 43.50
1.5818 44.64
7.4257 47.75
1.3046 48.50
6.1936 52.00
1.2559 49.16
4.8807 46.00
1.2837 47.02
1.4099 46.50
1.2333 49.41
1.2196 48.50
1.2094 48.61
1.3064 50.25
1.3756 50.14
2.4070 49.25
1.2173 48.66
1.2582 53.00
1.2107 48.70
1.2513 49.75
1.2094 48.75
1.2546 48.25
1.1831 49.66
1.2478 52.50
1.1810 50.64
1.2907 50.00
1.1921 49.36
1.2247 49.00
1.1804 51.00
1.1983 50.50
1.1906 51.48
6.3214 52.50
1.1923 51.00
1.1866 52.00
1.2606 49.11
4.5443 46.50
2.7343 31.64
18.2418 43.50
1.9714 45.05
146.4913 46.25
1.6660 43.59
35.3306 48.25
1.6321 45.59
1.2728 45.00
1.3857 43.55
1.3779 49.25
1.3103 46.61
3.0690 50.75
1.2372 45.73
2.5843 49.75
1.2895 48.41
1.3074 48.75
1.2257 48.41
1.7443 54.00
1.1992 48.34
1.6049 50.00
1.2177 49.45
1.4361 49.25
1.2074 50.11
1.7146 44.75
1.1853 49.64
1.6195 48.25
1.1763 46.93
1.5787 50.50
1.1911 51.16
1.8791 52.50
1.1900 48.82
3.0312 50.50
1.2394 48.82
2.3626 50.75
1.2202 48.64
2.7236 50.00
1.1974 48.30
2.6174 51.00
1.2773 48.93
1.7847 51.75
2.7977 33.05
305.8186 43.50
1.7390 45.14
37.1110 49.00
1.8922 46.80
21.5382 33.50
1.3913 49.09
5.6528 52.25
1.3533 49.07
4.7818 44.00
1.3552 47.41
1.2841 52.75
1.2549 49.05
5.0906 50.25
1.1946 49.80
1.3441 51.50
1.2093 49.07
2.1686 48.50
1.1847 49.80
1.5063 52.00
1.1832 49.82
1.2614 51.00
1.1717 50.91
1.2422 51.50
1.1681 50.25
1.3811 48.00
1.1759 50.55
1.2969 50.25
1.1851 47.93
1.2512 50.25
1.1699 50.27
1.8925 51.00
1.1805 48.86
1.3940 49.75
1.2076 48.55
1.7212 48.25
1.1808 49.02
25.6406 42.00
1.2486 49.48
3.8545 42.25
2.5723 31.98
305.9815 43.50
1.8968 43.89
1.8780 43.50
3.0078 43.59
404.9271 49.25
2.1937 46.05
14.0660 53.75
1.4578 49.93
1.5756 48.25
1.2237 50.05
1.2211 53.50
1.1923 50.45
1.2848 52.00
1.2274 49.55
2.7294 52.00
1.2189 49.77
1.7223 53.25
1.1837 50.05
1.4191 52.25
1.1860 50.82
1.2139 52.75
1.1655 51.25
1.2417 53.50
1.1834 51.59
1.2316 53.00
1.1774 50.36
1.2068 51.25
1.1702 51.59
2.5621 52.25
1.1524 51.84
1.2995 51.50
1.1561 52.55
1.4209 52.25
1.1372 51.02
1.4246 49.00
1.1814 52.70
1.2094 48.00
1.2123 50.07
15.1813 51.50
3.4085 31.55
284.5939 48.25
1.5994 41.73
54.1174 43.50
1.7296 44.64
11.6945 43.50
1.8951 45.05
1.3042 51.50
1.4479 47.52
1.2587 47.75
1.2715 47.70
1.7762 49.00
1.2456 48.98
1.2669 48.00
1.3117 49.80
9.1014 44.50
1.2386 50.05
1.9270 42.25
1.2399 48.34
1.5145 51.75
1.3101 49.77
1.9669 49.75
1.2850 49.89
1.1956 49.25
1.2410 49.16
1.4281 47.25
1.2335 50.82
1.3469 50.75
1.3148 48.91
1.2159 49.00
1.3108 49.75
1.2385 51.50
1.2164 49.23
1.8596 49.25
1.1932 48.77
1.9767 50.25
1.2181 49.32
1.4894 50.75
1.1631 51.91
1.3159 51.50
2.7869 32.25
629.4146 43.50
1.6458 44.45
48.2563 43.50
1.5444 45.45
6.3218 48.50
1.4575 48.11
1.4378 51.00
1.3797 48.50
12.8447 48.00
1.3325 48.89
1.3617 46.75
1.2702 49.23
4.0290 49.75
1.2424 48.50
1.8417 48.25
1.2490 47.77
1.5755 50.50
1.2085 47.73
1.8511 53.00
1.3791 48.20
2.9411 40.75
1.3073 46.77
9.0428 47.00
1.2392 49.05
6.4139 55.00
1.2720 47.14
2.4875 52.50
1.2916 49.48
1.4074 51.50
1.2144 48.18
1.5439 52.75
1.1953 51.52
1.7102 48.50
1.2734 50.14
1.1868 50.75
1.1950 50.89
1.2406 49.25
1.1700 50.07
1.9993 51.75
3.2999 28.11
330.3951 43.50
1.8516 45.07
86.5382 43.50
1.9230 45.00
89.2389 43.75
1.4328 44.50
6.2593 43.50
1.3490 44.68
11.2867 52.50
1.2571 48.18
1.8668 49.25
1.1965 49.25
2.2480 51.75
1.2643 49.48
7.4747 52.75
1.2170 49.48
4.7616 48.50
1.2292 48.50
1.2182 50.25
1.3142 49.66
1.1987 51.00
1.2126 48.80
3.1185 51.50
1.1852 50.45
2.8214 48.75
1.2374 48.61
1.4611 49.75
1.1691 49.82
1.5298 52.50
1.1664 50.09
1.3173 53.00
1.1695 48.39
1.5649 49.25
1.1479 49.77
1.3475 51.00
1.1726 51.55
1.3194 49.50
1.1555 50.98
1.3259 53.50
3.3423 29.23
411.9344 16.75
2.1529 43.95
20.3860 43.25
1.5842 45.09
2.8500 41.50
1.3848 45.32
5.5745 43.50
1.4367 44.09
3.0186 43.50
1.2950 45.73
2.5521 48.25
1.5368 48.05
3.0278 45.25
1.4708 48.52
7.6408 43.25
1.3192 49.43
2.2074 48.00
1.3705 49.02
1.3871 51.75
1.2409 49.02
1.2882 50.25
1.2539 49.75
1.4903 48.25
1.3881 48.73
1.2318 49.00
1.2465 51.05
1.4241 50.50
1.1959 51.64
1.4748 50.25
1.1784 49.36
1.2996 49.75
1.1759 51.18
1.2441 52.25
1.1670 50.70
1.2498 52.25
1.1750 51.70
1.2551 52.50
1.1599 49.66
1.2537 49.50
2.9697 30.68
73.4248 43.50
2.3688 43.64
16.3347 51.00
1.9892 44.95
178.4393 49.00
1.6109 46.82
10.1292 35.50
1.5310 46.43
29.3400 50.00
1.2933 49.41
2.7219 42.25
1.3579 49.14
1.6665 49.75
1.2479 48.50
1.3045 49.00
1.2335 49.61
1.2284 48.50
1.2005 49.64
1.2096 51.25
1.1759 48.77
1.2097 48.50
1.1738 48.25
1.2107 51.50
1.2107 49.55
1.3364 50.00
1.1910 48.70
2.3805 51.25
1.1856 47.68
1.3524 53.25
1.1826 50.18
1.1847 49.50
1.1746 50.52
1.1832 53.50
1.1627 50.70
1.2155 49.50
1.1985 50.52
4.2172 52.25
1.1897 48.77
9.8203 54.00
