3.4856 45.23
2.1195 43.75
2.1746 46.05
1.7814 38.25
1.5733 46.16
1.5992 45.00
1.3311 50.30
1.5331 47.50
1.3801 47.91
1.3897 48.50
1.4078 50.57
1.7036 51.50
1.5359 49.11
1.6323 47.25
1.5201 48.07
1.6882 46.25
1.5695 47.91
1.5956 51.50
1.4797 49.61
1.9382 43.25
1.4940 47.18
1.7281 47.50
1.4379 48.05
1.9172 44.00
1.5875 49.05
1.7971 48.75
1.4178 49.93
1.6694 49.25
1.5206 48.57
1.9238 47.25
1.4225 49.95
1.3813 53.75
1.2418 53.41
1.5589 46.50
1.3894 49.91
1.6172 45.75
1.5305 50.86
1.5970 43.75
1.4950 49.48
1.7969 49.00
3.2527 45.91
2.2890 49.00
2.0310 47.86
1.8318 46.75
1.6202 45.00
1.7273 41.00
1.4296 47.93
1.6827 43.75
1.4850 49.25
1.4886 49.75
1.4155 50.18
1.4255 51.50
1.4305 48.16
1.4882 46.25
1.5648 47.98
1.6096 52.50
1.4835 49.11
1.6751 53.25
1.4512 48.91
1.6110 47.25
1.3704 48.98
1.3923 49.25
1.2176 50.30
1.3844 51.75
1.2847 53.05
1.4090 52.50
1.3994 50.73
1.5394 50.75
1.3832 51.20
1.9545 50.00
1.6090 50.36
1.6147 49.25
1.3701 50.61
1.5166 50.25
1.2993 50.36
1.4831 48.25
1.3514 49.93
1.4148 55.50
1.2995 52.95
1.3844 48.00
3.3113 43.77
2.6141 43.75
2.1757 42.43
1.8381 50.75
1.7388 47.14
1.5905 49.50
1.4532 47.68
1.3850 51.50
1.3937 50.77
1.6435 46.25
1.3977 49.91
1.6047 52.25
1.4153 49.75
1.7297 43.50
1.4539 48.34
1.4327 55.75
1.3325 52.93
1.6491 45.75
1.3604 49.30
1.4957 50.25
1.3813 49.64
1.3574 51.25
1.2647 51.00
1.3745 52.50
1.3254 49.32
1.6361 47.00
1.3425 51.02
1.4620 47.50
1.3763 49.20
1.5046 48.00
1.3928 50.23
1.5176 50.00
1.3555 52.14
1.5767 49.75
1.2950 50.75
1.4218 55.25
1.3178 51.80
1.6256 51.00
1.3161 49.75
1.3818 48.25
3.2356 46.18
3.1224 49.00
2.2604 45.98
2.0943 34.25
1.8173 44.66
2.1098 40.00
1.7134 46.80
1.7702 49.75
1.4803 49.25
1.4982 42.50
1.3600 49.32
1.4608 48.50
1.2768 49.82
1.3939 53.75
1.3046 49.73
1.4075 55.00
1.3278 49.09
1.6317 46.25
1.4732 50.07
1.7917 46.00
1.5100 48.77
1.5191 49.75
1.3681 50.80
1.4797 53.50
1.3452 49.14
1.5901 44.25
1.3567 50.36
1.4107 45.25
1.3586 50.61
1.3923 46.75
1.3494 50.86
1.4398 51.75
1.4474 49.25
1.7409 49.75
1.5472 50.30
1.6999 47.75
1.4367 51.16
1.4169 51.00
1.3450 50.48
1.3275 53.25
3.8065 45.27
2.6428 52.00
2.4721 44.68
2.1271 45.25
1.8333 46.84
1.6918 50.75
1.5272 49.18
1.6034 48.00
1.4457 47.48
1.4948 49.50
1.3907 50.32
1.5551 45.50
1.3533 48.68
1.3962 52.25
1.4020 50.09
1.8703 49.50
1.4298 50.45
1.3949 54.25
1.3126 49.70
1.4542 51.25
1.3541 50.77
1.5781 44.50
1.4135 50.39
1.6822 42.75
1.5040 49.48
1.6049 44.25
1.5671 47.84
1.6149 47.00
1.5857 50.77
1.8291 50.00
1.5500 48.89
1.7971 48.50
1.4068 49.27
1.4511 50.50
1.3763 51.64
1.5123 48.50
1.3732 51.27
1.4823 50.75
1.4365 51.82
1.5548 49.25
3.1161 45.77
2.4681 44.25
2.0157 46.39
2.1125 45.00
1.5822 48.30
1.5442 49.25
1.4714 48.45
1.4265 50.50
1.3803 49.30
1.3079 51.25
1.4552 48.34
1.4409 48.25
1.6022 45.68
1.6882 42.00
1.4632 48.32
1.3498 50.75
1.3635 51.91
1.5521 44.00
1.3157 49.36
1.5154 48.75
1.5412 48.27
1.7126 48.50
1.5353 50.41
1.5674 49.50
1.3690 51.09
1.6352 48.50
1.4329 50.73
1.8799 42.25
1.6730 47.43
1.7473 49.00
1.4682 50.27
1.6357 44.75
1.5243 48.50
1.5272 50.00
1.3609 49.55
1.3398 54.00
1.2885 52.48
1.3032 51.25
1.3676 48.91
1.3725 53.50
3.6681 43.16
3.5116 42.50
2.2293 44.45
1.8401 50.75
1.6413 48.30
1.5821 47.50
1.5164 47.16
1.4635 49.25
1.4123 46.89
1.5344 43.50
1.3991 49.55
1.3281 49.50
1.2666 50.84
1.4370 47.50
1.2632 51.59
1.3472 51.50
1.3075 49.32
1.6066 49.50
1.4616 50.89
1.6385 50.00
1.3407 49.66
1.3726 46.50
1.3285 50.70
1.5674 46.00
1.2930 50.93
1.4668 49.00
1.2517 51.75
1.3152 50.50
1.2331 51.80
1.3954 49.25
1.2941 52.30
1.5271 46.75
1.4549 51.82
1.4304 50.00
1.3576 51.48
1.4806 52.00
1.3389 50.45
1.5743 52.75
1.3694 49.73
1.6104 51.25
3.0954 45.05
2.3033 42.75
2.0235 45.77
1.6237 45.00
1.5854 46.34
1.7874 51.00
1.6038 47.27
1.7622 50.50
1.4494 48.93
1.4437 48.00
1.3612 51.75
1.6982 48.00
1.5381 50.02
1.5959 44.00
1.4589 48.59
1.4841 45.50
1.3912 49.23
1.4269 50.00
1.4345 47.95
1.5612 50.50
1.4709 48.36
2.0753 50.50
1.4173 52.52
1.6950 40.75
1.4400 50.43
1.6336 45.00
1.3759 53.50
1.6137 49.50
1.5689 47.75
1.5831 46.00
1.4540 51.50
1.3567 52.25
1.2917 51.98
1.5722 48.25
1.3345 50.73
1.4891 48.50
1.4056 51.14
1.6195 49.50
1.3617 50.36
1.5316 49.25
2.9208 41.98
2.5697 47.25
2.0449 46.73
1.6315 50.25
1.5578 48.57
1.5519 49.25
1.5042 46.64
1.4765 50.50
1.4117 50.45
1.4494 51.50
1.4020 50.41
1.3546 52.25
1.4217 49.11
1.5255 49.00
1.2860 50.25
1.5322 49.00
1.3347 47.77
1.4591 51.50
1.2594 53.14
1.4899 52.00
1.5236 49.05
1.8197 46.75
1.5175 50.57
1.6185 43.00
1.3538 50.80
1.6926 50.25
1.4014 49.95
1.6852 45.75
1.4092 50.30
1.5463 49.25
1.2652 52.11
1.3634 48.00
1.3344 50.55
1.4527 46.50
1.3925 50.00
1.6193 47.25
1.4236 51.11
1.6449 40.75
1.4823 49.18
1.6285 47.25
3.3094 44.75
3.0009 48.25
2.3363 43.18
2.0564 45.75
1.6972 46.52
1.7856 43.75
1.5076 47.70
1.7052 51.00
1.4745 50.45
1.7075 46.00
1.5163 47.61
1.6626 50.00
1.4540 50.07
1.4583 52.75
1.4770 48.14
1.7664 43.75
1.4663 48.80
1.4566 50.00
1.5255 49.20
1.6223 53.50
1.4563 48.77
1.4174 50.25
1.4045 48.59
1.4597 50.25
1.3501 50.25
1.5767 45.25
1.4688 50.07
1.8985 51.25
1.6106 48.64
1.5338 49.25
1.4188 50.75
1.6902 43.00
1.5743 48.84
1.6518 52.00
1.4359 50.23
1.5817 49.50
1.4500 49.55
1.5492 44.00
1.4835 47.61
1.6084 52.75
