5.0149 30.06
115.7225 29.64
2.4309 24.49
3.9955 39.21
1.5399 35.89
3.8563 18.92
1.4550 30.83
2.1208 37.87
1.3527 34.16
1.9040 34.87
1.3465 34.85
1.4226 35.64
1.3068 32.89
1.7054 33.54
1.3254 34.38
1.6092 34.21
1.2841 37.27
1.5646 30.82
1.2790 36.18
1.4899 35.21
1.2703 40.11
1.3866 36.10
1.2587 38.38
1.4197 34.49
1.2665 40.43
1.4181 32.87
1.2380 42.11
1.5245 35.10
1.2458 39.35
1.4119 35.87
1.2033 42.96
1.5531 34.87
1.2303 43.27
1.4854 29.97
1.2213 44.16
1.4653 32.64
1.2065 43.69
1.4793 31.31
1.1873 46.85
1.4216 36.77
1.1958 43.70
1.4508 34.87
1.2072 43.34
1.5455 32.59
1.1964 42.99
1.4543 38.05
1.1809 44.19
1.4914 35.21
1.1875 44.85
1.6112 34.87
1.1652 45.63
1.5341 29.41
1.1879 46.44
1.8672 37.49
1.1795 48.23
1.5407 37.54
1.1579 46.47
1.4834 36.21
1.1391 49.24
1.5747 31.64
1.1819 43.77
1.5535 33.64
1.1442 47.23
1.6372 36.49
1.1561 47.20
1.5818 31.36
1.1207 49.42
1.5112 32.21
1.1050 49.53
1.6644 32.59
1.1263 45.82
1.5518 34.92
1.1145 49.89
1.5050 38.15
1.0785 49.21
1.5433 35.82
1.0954 50.99
1.6326 39.15
1.1039 48.48
1.5888 34.87
1.0845 52.44
1.7376 37.87
1.0794 48.50
1.6568 34.97
1.0660 50.41
1.6346 40.21
1.0681 50.87
1.9991 27.36
1.0363 54.10
1.7611 27.46
0.9926 55.77
1.7118 32.69
1.0119 54.22
1.8370 37.82
1.0151 55.56
2.0163 27.36
1.0467 52.57
1.9777 32.54
1.0133 54.09
1.7671 35.87
