1.8641 57.00
1275.2473 47.75
1.5388 72.39
95.0230 79.25
0.7588 73.00
11.3665 79.75
0.7994 78.18
0.9428 80.75
0.5430 77.66
0.7584 78.50
0.5357 79.32
0.4759 82.00
0.4840 79.30
0.4659 82.25
0.4751 80.32
0.5248 82.00
0.4697 80.77
0.5067 82.00
0.4749 80.05
0.5186 82.25
0.4665 80.18
0.4758 81.00
0.4587 80.91
0.5076 81.75
0.4530 81.02
0.5482 81.25
0.4516 80.45
0.5550 82.00
0.4499 81.07
0.4974 81.75
0.4448 81.27
0.5919 82.00
0.4474 81.32
0.8540 81.25
0.4488 81.48
0.4952 81.25
0.4411 81.43
0.5849 81.50
0.4430 81.16
0.9067 82.25
0.4432 81.07
0.5156 81.50
0.4361 81.00
1.0905 81.00
0.4365 81.41
0.5415 80.75
0.4355 81.55
0.5540 80.50
0.4439 80.70
0.8655 80.75
0.4395 80.86
0.8609 81.25
0.4344 80.68
1.4614 79.50
0.4500 81.34
0.5154 80.50
0.4234 82.52
0.7517 78.50
0.4315 82.93
0.5145 79.00
0.4223 82.32
0.6073 81.25
0.4181 82.57
0.6099 80.25
0.4165 82.52
0.6281 80.75
0.4277 82.16
0.7019 81.25
0.4219 82.50
0.5344 81.50
0.4176 82.73
0.5437 75.25
0.4266 82.55
0.5202 82.25
0.4131 81.95
0.7713 79.75
0.4103 82.70
0.6651 81.00
0.4271 83.23
0.6159 78.75
0.4117 82.61
0.6294 79.25
0.4025 84.09
0.9044 79.75
0.4001 83.82
0.5648 81.00
0.4024 82.50
0.6985 80.25
0.3957 83.95
0.5889 78.00
0.4076 82.23
0.6712 80.25
0.3941 83.59
0.8602 80.25
0.3870 82.75
0.9766 77.75
0.3702 84.64
0.7429 78.75
0.4011 83.23
2.2341 80.75
